0001
0001
0010
0001
1010
0110
0000
1000
0001
1010
1000
0010
0111
0000
0000
0000
1100
0000
0110
1000
0001
0011
0000
0000
0000
1100
0101
1000
1100
0000
0100
0000
0000
1000
0111
0000
1010
0000
0100
0000
0001
1100
0100
0011
0001
1100
0100
1001
1100
1100
0001
1001
0011
0000
1000
0000
1100
0100
1010
0000
0001
0011
0100
1110
1010
0101
1000
0111
0110
0000
1010
0100
1000
0011
0000
0101
0000
1000
0100
1000
0000
0001
0001
1001
0110
0000
0011
0100
0000
1010
0111
1000
1010
0000
0000
1000
0000
0000
0000
0000
